4
156
0.028201123839 -0.73622111321 0.6761532142 0.0065175619802
-0.06448498052 0.96254265933 -0.26335017799 0.0058755765697
-0.027998407916 0.052466459712 0.99823011363 0.0059165828743
0.83129097347 0.54548744346 -0.10676500572 0.0067835705682
-0.61209773991 0.58568955332 -0.53132297515 0.005641068018
-0.16567146771 -0.24508472417 -0.95524156252 0.0064305593046
-0.94097555279 0.19391246877 -0.27742199536 0.0065380013636
-0.039161341285 0.95881225022 0.28132802593 0.0066449220288
0.87982613896 0.33131068952 -0.34079200727 0.0068641828263
0.86125334624 0.073090095529 -0.50289214701 0.0066541351112
-0.8812209816 -0.004011141677 -0.47268752081 0.0063482276625
0.91936036527 -0.2089475243 -0.33334284283 0.0061773375086
-0.20301680996 -0.865087702 -0.45870191052 0.0069176674209
0.40388971514 -0.7162023008 -0.56914616956 0.0064328162471
0.049396897634 -0.22364510982 0.97341810716 0.0064230288443
0.75215004034 -0.18830811974 0.63151434573 0.006220392162
0.71073002539 0.3288041854 -0.62189278712 0.007341514129
0.79359903519 -0.20486490627 -0.57291442775 0.0056451738851
0.20007616711 -0.84742676135 0.49176967323 0.0061655523459
0.73551076354 -0.61606713562 0.28193119928 0.0056675587665
0.12387441861 0.69730715802 0.70598714987 0.00684942533
0.81757453469 0.31621063586 0.48123041674 0.006909424929
0.80754179133 -0.38463237549 0.44714001274 0.0063980493534
-0.44733754673 0.12659125511 0.88536081538 0.0064309196526
0.44982188163 -0.76614136828 0.45900727513 0.0058081929025
-0.59589870772 -0.42509859545 -0.68131924549 0.0070652248823
-0.73622111321 0.6761532142 0.028201123839 0.0065175619802
0.96254265933 -0.26335017799 -0.06448498052 0.0058755765697
0.052466459712 0.99823011363 -0.027998407916 0.0059165828743
0.54548744346 -0.10676500572 0.83129097347 0.0067835705682
0.58568955332 -0.53132297515 -0.61209773991 0.005641068018
-0.24508472417 -0.95524156252 -0.16567146771 0.0064305593046
0.19391246877 -0.27742199536 -0.94097555279 0.0065380013636
0.95881225022 0.28132802593 -0.039161341285 0.0066449220288
0.33131068952 -0.34079200727 0.87982613896 0.0068641828263
0.073090095529 -0.50289214701 0.86125334624 0.0066541351112
-0.004011141677 -0.47268752081 -0.8812209816 0.0063482276625
-0.2089475243 -0.33334284283 0.91936036527 0.0061773375086
-0.865087702 -0.45870191052 -0.20301680996 0.0069176674209
-0.7162023008 -0.56914616956 0.40388971514 0.0064328162471
-0.22364510982 0.97341810716 0.049396897634 0.0064230288443
-0.18830811974 0.63151434573 0.75215004034 0.006220392162
0.3288041854 -0.62189278712 0.71073002539 0.007341514129
-0.20486490627 -0.57291442775 0.79359903519 0.0056451738851
-0.84742676135 0.49176967323 0.20007616711 0.0061655523459
-0.61606713562 0.28193119928 0.73551076354 0.0056675587665
0.69730715802 0.70598714987 0.12387441861 0.00684942533
0.31621063586 0.48123041674 0.81757453469 0.006909424929
-0.38463237549 0.44714001274 0.80754179133 0.0063980493534
0.12659125511 0.88536081538 -0.44733754673 0.0064309196526
-0.76614136828 0.45900727513 0.44982188163 0.0058081929025
-0.42509859545 -0.68131924549 -0.59589870772 0.0070652248823
0.6761532142 0.028201123839 -0.73622111321 0.0065175619802
-0.26335017799 -0.06448498052 0.96254265933 0.0058755765697
0.99823011363 -0.027998407916 0.052466459712 0.0059165828743
-0.10676500572 0.83129097347 0.54548744346 0.0067835705682
-0.53132297515 -0.61209773991 0.58568955332 0.005641068018
-0.95524156252 -0.16567146771 -0.24508472417 0.0064305593046
-0.27742199536 -0.94097555279 0.19391246877 0.0065380013636
0.28132802593 -0.039161341285 0.95881225022 0.0066449220288
-0.34079200727 0.87982613896 0.33131068952 0.0068641828263
-0.50289214701 0.86125334624 0.073090095529 0.0066541351112
-0.47268752081 -0.8812209816 -0.004011141677 0.0063482276625
-0.33334284283 0.91936036527 -0.2089475243 0.0061773375086
-0.45870191052 -0.20301680996 -0.865087702 0.0069176674209
-0.56914616956 0.40388971514 -0.7162023008 0.0064328162471
0.97341810716 0.049396897634 -0.22364510982 0.0064230288443
0.63151434573 0.75215004034 -0.18830811974 0.006220392162
-0.62189278712 0.71073002539 0.3288041854 0.007341514129
-0.57291442775 0.79359903519 -0.20486490627 0.0056451738851
0.49176967323 0.20007616711 -0.84742676135 0.0061655523459
0.28193119928 0.73551076354 -0.61606713562 0.0056675587665
0.70598714987 0.12387441861 0.69730715802 0.00684942533
0.48123041674 0.81757453469 0.31621063586 0.006909424929
0.44714001274 0.80754179133 -0.38463237549 0.0063980493534
0.88536081538 -0.44733754673 0.12659125511 0.0064309196526
0.45900727513 0.44982188163 -0.76614136828 0.0058081929025
-0.68131924549 -0.59589870772 -0.42509859545 0.0070652248823
-0.028201123839 0.73622111321 -0.6761532142 0.0065175619802
0.06448498052 -0.96254265933 0.26335017799 0.0058755765697
0.027998407916 -0.052466459712 -0.99823011363 0.0059165828743
-0.83129097347 -0.54548744346 0.10676500572 0.0067835705682
0.61209773991 -0.58568955332 0.53132297515 0.005641068018
0.16567146771 0.24508472417 0.95524156252 0.0064305593046
0.94097555279 -0.19391246877 0.27742199536 0.0065380013636
0.039161341285 -0.95881225022 -0.28132802593 0.0066449220288
-0.87982613896 -0.33131068952 0.34079200727 0.0068641828263
-0.86125334624 -0.073090095529 0.50289214701 0.0066541351112
0.8812209816 0.004011141677 0.47268752081 0.0063482276625
-0.91936036527 0.2089475243 0.33334284283 0.0061773375086
0.20301680996 0.865087702 0.45870191052 0.0069176674209
-0.40388971514 0.7162023008 0.56914616956 0.0064328162471
-0.049396897634 0.22364510982 -0.97341810716 0.0064230288443
-0.75215004034 0.18830811974 -0.63151434573 0.006220392162
-0.71073002539 -0.3288041854 0.62189278712 0.007341514129
-0.79359903519 0.20486490627 0.57291442775 0.0056451738851
-0.20007616711 0.84742676135 -0.49176967323 0.0061655523459
-0.73551076354 0.61606713562 -0.28193119928 0.0056675587665
-0.12387441861 -0.69730715802 -0.70598714987 0.00684942533
-0.81757453469 -0.31621063586 -0.48123041674 0.006909424929
-0.80754179133 0.38463237549 -0.44714001274 0.0063980493534
0.44733754673 -0.12659125511 -0.88536081538 0.0064309196526
-0.44982188163 0.76614136828 -0.45900727513 0.0058081929025
0.59589870772 0.42509859545 0.68131924549 0.0070652248823
0.73622111321 -0.6761532142 -0.028201123839 0.0065175619802
-0.96254265933 0.26335017799 0.06448498052 0.0058755765697
-0.052466459712 -0.99823011363 0.027998407916 0.0059165828743
-0.54548744346 0.10676500572 -0.83129097347 0.0067835705682
-0.58568955332 0.53132297515 0.61209773991 0.005641068018
0.24508472417 0.95524156252 0.16567146771 0.0064305593046
-0.19391246877 0.27742199536 0.94097555279 0.0065380013636
-0.95881225022 -0.28132802593 0.039161341285 0.0066449220288
-0.33131068952 0.34079200727 -0.87982613896 0.0068641828263
-0.073090095529 0.50289214701 -0.86125334624 0.0066541351112
0.004011141677 0.47268752081 0.8812209816 0.0063482276625
0.2089475243 0.33334284283 -0.91936036527 0.0061773375086
0.865087702 0.45870191052 0.20301680996 0.0069176674209
0.7162023008 0.56914616956 -0.40388971514 0.0064328162471
0.22364510982 -0.97341810716 -0.049396897634 0.0064230288443
0.18830811974 -0.63151434573 -0.75215004034 0.006220392162
-0.3288041854 0.62189278712 -0.71073002539 0.007341514129
0.20486490627 0.57291442775 -0.79359903519 0.0056451738851
0.84742676135 -0.49176967323 -0.20007616711 0.0061655523459
0.61606713562 -0.28193119928 -0.73551076354 0.0056675587665
-0.69730715802 -0.70598714987 -0.12387441861 0.00684942533
-0.31621063586 -0.48123041674 -0.81757453469 0.006909424929
0.38463237549 -0.44714001274 -0.80754179133 0.0063980493534
-0.12659125511 -0.88536081538 0.44733754673 0.0064309196526
0.76614136828 -0.45900727513 -0.44982188163 0.0058081929025
0.42509859545 0.68131924549 0.59589870772 0.0070652248823
-0.6761532142 -0.028201123839 0.73622111321 0.0065175619802
0.26335017799 0.06448498052 -0.96254265933 0.0058755765697
-0.99823011363 0.027998407916 -0.052466459712 0.0059165828743
0.10676500572 -0.83129097347 -0.54548744346 0.0067835705682
0.53132297515 0.61209773991 -0.58568955332 0.005641068018
0.95524156252 0.16567146771 0.24508472417 0.0064305593046
0.27742199536 0.94097555279 -0.19391246877 0.0065380013636
-0.28132802593 0.039161341285 -0.95881225022 0.0066449220288
0.34079200727 -0.87982613896 -0.33131068952 0.0068641828263
0.50289214701 -0.86125334624 -0.073090095529 0.0066541351112
0.47268752081 0.8812209816 0.004011141677 0.0063482276625
0.33334284283 -0.91936036527 0.2089475243 0.0061773375086
0.45870191052 0.20301680996 0.865087702 0.0069176674209
0.56914616956 -0.40388971514 0.7162023008 0.0064328162471
-0.97341810716 -0.049396897634 0.22364510982 0.0064230288443
-0.63151434573 -0.75215004034 0.18830811974 0.006220392162
0.62189278712 -0.71073002539 -0.3288041854 0.007341514129
0.57291442775 -0.79359903519 0.20486490627 0.0056451738851
-0.49176967323 -0.20007616711 0.84742676135 0.0061655523459
-0.28193119928 -0.73551076354 0.61606713562 0.0056675587665
-0.70598714987 -0.12387441861 -0.69730715802 0.00684942533
-0.48123041674 -0.81757453469 -0.31621063586 0.006909424929
-0.44714001274 -0.80754179133 0.38463237549 0.0063980493534
-0.88536081538 0.44733754673 -0.12659125511 0.0064309196526
-0.45900727513 -0.44982188163 0.76614136828 0.0058081929025
0.68131924549 0.59589870772 0.42509859545 0.0070652248823
